matrix=[101,109,63,93,119,114,98,84,0,67,64,99,119,87,53;
    63,92,52,74,92,94,91,99,0,54,83,46,95,83,23];
answer=[119*ones(1,15);99*ones(1,15)];
rate=[matrix(1,:)/119;matrix(2,:)/99];